[{"neg": 0.056, "neu": 0.81, "pos": 0.133, "compound": 0.9947},
    {"neg": 0.148, "neu": 0.741, "pos": 0.111, "compound": -0.986},
    {"neg": 0.103, "neu": 0.782, "pos": 0.115, "compound": 0.8729},
    {"neg": 0.171, "neu": 0.829, "pos": 0.0, "compound": -0.9973},
    {"neg": 0.112, "neu": 0.863, "pos": 0.025, "compound": -0.9637},
    {"neg": 0.136, "neu": 0.581, "pos": 0.283, "compound": 0.9985},
    {"neg": 0.105, "neu": 0.78, "pos": 0.116, "compound": -0.211},
    {"neg": 0.122, "neu": 0.747, "pos": 0.131, "compound": 0.6041},
    {"neg": 0.134, "neu": 0.67, "pos": 0.196, "compound": 0.9738},
    {"neg": 0.077, "neu": 0.562, "pos": 0.361, "compound": 0.9957},
    {"neg": 0.066, "neu": 0.733, "pos": 0.201, "compound": 0.998},
    {"neg": 0.114, "neu": 0.886, "pos": 0.0, "compound": -0.9485},
    {"neg": 0.078, "neu": 0.79, "pos": 0.133, "compound": 0.9969},
    {"neg": 0.097, "neu": 0.809, "pos": 0.094, "compound": -0.3929},
    {"neg": 0.121, "neu": 0.782, "pos": 0.097, "compound": -0.8826},
    {"neg": 0.254, "neu": 0.711, "pos": 0.035, "compound": -0.9985},
    {"neg": 0.083, "neu": 0.716, "pos": 0.201, "compound": 0.9997},
    {"neg": 0.07, "neu": 0.708, "pos": 0.223, "compound": 0.9987},
    {"neg": 0.143, "neu": 0.705, "pos": 0.152, "compound": 0.927},
    {"neg": 0.008, "neu": 0.927, "pos": 0.065, "compound": 0.9659},
    {"neg": 0.048, "neu": 0.789, "pos": 0.162, "compound": 0.9978},
    {"neg": 0.078, "neu": 0.8, "pos": 0.121, "compound": 0.9843},
    {"neg": 0.112, "neu": 0.767, "pos": 0.121, "compound": 0.8394},
    {"neg": 0.215, "neu": 0.619, "pos": 0.166, "compound": -0.7964},
    {"neg": 0.176, "neu": 0.655, "pos": 0.17, "compound": -0.6627},
    {"neg": 0.102, "neu": 0.683, "pos": 0.215, "compound": 0.9954},
    {"neg": 0.141, "neu": 0.677, "pos": 0.182, "compound": 0.9497},
    {"neg": 0.019, "neu": 0.94, "pos": 0.041, "compound": 0.7296},
    {"neg": 0.056, "neu": 0.76, "pos": 0.185, "compound": 0.9967},
    {"neg": 0.129, "neu": 0.72, "pos": 0.151, "compound": 0.8103},
    {"neg": 0.149, "neu": 0.653, "pos": 0.199, "compound": 0.998},
    {"neg": 0.0, "neu": 0.857, "pos": 0.143, "compound": 0.9831},
    {"neg": 0.125, "neu": 0.736, "pos": 0.139, "compound": 0.9079},
    {"neg": 0.046, "neu": 0.941, "pos": 0.013, "compound": -0.7269},
    {"neg": 0.106, "neu": 0.744, "pos": 0.15, "compound": 0.9713},
    {"neg": 0.097, "neu": 0.841, "pos": 0.062, "compound": -0.7931},
    {"neg": 0.08, "neu": 0.778, "pos": 0.142, "compound": 0.9881},
    {"neg": 0.11, "neu": 0.746, "pos": 0.144, "compound": 0.8509},
    {"neg": 0.07, "neu": 0.784, "pos": 0.146, "compound": 0.9919},
    {"neg": 0.122, "neu": 0.746, "pos": 0.132, "compound": 0.6505},
    {"neg": 0.123, "neu": 0.707, "pos": 0.17, "compound": 0.8877},
    {"neg": 0.037, "neu": 0.794, "pos": 0.169, "compound": 0.9325},
{"neg": 0.102, "neu": 0.674, "pos": 0.224, "compound": 0.9982}]
